$ 1 0.01 0.06872892787909722 32 5 43
R -208 128 -208 16 0 0 40 3.3 0 0 0.5
r -208 128 -112 128 0 300000
r -80 64 0 64 0 604000
w -112 64 -112 128 0
w 0 144 0 64 0
w 0 144 32 144 0
O 32 144 80 64 1 2
x -176 101 -146 104 4 24 R1
x -214 185 -184 188 4 24 R3
x -153 208 -123 211 4 24 R4
x -40 40 -10 43 4 24 R2
x -636 279 -588 282 4 24 VBB
x -233 1 -183 4 4 24 VCC
R -528 176 -528 272 4 5 1 1.5 4.5 0 0.5
O -528 176 -576 176 1 0
r 32 144 96 144 0 1000
O 96 144 176 144 1 2
r -208 160 -112 160 0 300000
r -528 176 -432 176 0 300000
r -432 176 -432 256 0 305000
g -432 304 -432 320 0 0
O -432 176 -464 96 1 1
370 -432 256 -432 304 1 0 0
w -208 160 -272 160 0
w -272 160 -272 80 0
w -272 80 -384 80 0
w -384 80 -384 144 0
w -432 176 -384 176 0
O -272 160 -272 240 1 1
409 -384 160 -272 160 1 0.6 -1.6522976355667018 0.023100000000000002 0
g -336 192 -336 208 0 0
w -336 32 -336 128 0
409 -112 144 0 144 1 0.6 -0.46978086173239897 0.023100000000000002 1
w -80 64 -112 64 0
g -64 176 -64 192 0 0
R -64 112 -64 96 0 0 40 3.3 0 0 0.5
R -336 32 -336 0 0 0 40 6 0 0 0.5
