$ 1 0.1 0.07470175003104325 1 5 43
R -208 128 -208 80 0 0 40 3.3 0 0 0.5
r -208 128 -112 128 0 300000
r -80 64 0 64 0 604000
w -112 64 -112 128 0
w 0 144 0 64 0
w 0 144 32 144 0
O 32 144 80 64 1 2
x -176 101 -146 104 4 24 R1
x -214 185 -184 188 4 24 R3
x -153 208 -123 211 4 24 R4
x -40 40 -10 43 4 24 R2
x -647 280 -599 283 4 24 VBB
x -233 1 -183 4 4 24 VCC
R -528 176 -528 272 4 5 0.1 1.5 4.5 0 0.5
O -528 176 -576 176 1 0
34 zener-2.45-2 1 1.7143528192810002e-7 0 2.4816827523407423 3.6 1
z 96 208 96 144 2 zener-2.45-2
r 96 208 96 272 0 1000
g 96 320 96 336 0 0
370 96 272 96 320 1 0 0
r 32 144 96 144 0 1000
O 176 144 256 144 1 2
O -112 160 -208 208 1 1
r -208 160 -112 160 0 300000
r -112 160 -112 240 0 634000
370 -112 240 -112 288 1 0 0
g -112 288 -112 304 0 0
r -528 176 -432 176 0 105000
r -432 176 -432 256 0 300000
g -432 304 -432 320 0 0
O -432 176 -464 96 1 1
370 -432 256 -432 304 1 0 0
w -208 160 -272 160 0
w -272 160 -272 80 0
w -272 80 -384 80 0
w -384 80 -384 144 0
w -432 176 -384 176 0
O -272 160 -272 240 1 1
409 -384 160 -272 160 1 0.6 -2.8090573893027937 0.023100000000000002 0
g -336 192 -336 208 0 0
w -528 176 -528 32 0
w -336 32 -336 128 0
370 -528 32 -416 32 1 0 0
409 -112 144 0 144 1 0.6 -0.4687213977039473 0.023100000000000002 1
w -80 64 -112 64 0
r -336 32 -416 32 0 2000
g -64 176 -64 192 0 0
w -336 32 -64 32 0
w -64 32 -64 112 0
c 176 144 176 240 0 1e-7 0.1656404400583557 0.001
g 176 240 176 272 0 0
r 144 144 144 272 0 300000
w 96 144 144 144 0
w 144 144 176 144 0
g 144 272 144 288 0 0
