$ 1 0.000005 0.9487735836358526 37 5 43 5e-11
v 112 352 112 304 0 0 40 2.6 0 0 0.5
v 304 64 304 128 0 0 40 3.3 0 0 0.5
t 272 208 304 208 0 1 -0.8952614191466539 0.6544998045735912 100 default
g 112 352 112 384 0 0
g 368 64 368 96 0 0
407 400 288 400 352 1
r 304 224 304 288 0 120
g 400 352 400 384 0 0
s 176 208 176 352 0 1 false
w 368 64 304 64 0
w 176 208 112 208 0
w 400 352 400 320 0
w 496 288 560 288 0
w 496 352 496 320 0
p 560 288 560 352 1 0 0
g 560 352 560 384 0 0
w 496 352 560 352 0
370 304 288 400 288 1 0 0
r 272 208 224 208 0 1000
r 560 288 560 176 0 100000
w 560 176 304 176 0
w 304 176 304 192 0
w 176 208 224 208 0
w 176 352 112 352 0
r 112 208 112 304 0 1000
370 304 128 304 176 1 0 0
